01/18/1988,1644,1812,STL,MSP,449,88,88,89,89
01/18/1988,1855,2024,SNA,SFO,372,89,83,0,6
01/18/1988,2115,2200,CLE,DTW,95,45,48,35,32
01/04/1988,0627,0729,LAS,BUR,223,62,52,2,12
01/25/1988,2154,2245,CLE,DTW,95,51,48,74,77
01/04/1988,0740,0822,AGS,CLT,140,42,43,0,-1
01/04/1988,1916,2037,EWR,ROC,246,81,77,186,190
01/04/1988,2142,2233,OKC,LIT,308,51,59,-6,-14
01/15/1988,2211,2311,STL,MCI,237,60,57,-4,-1
01/15/1988,1103,1212,MCO,FLL,178,69,45,8,32
01/01/1988,1730,1815,ONT,LAS,197,45,50,0,-5
01/22/1988,1058,1159,MCO,FLL,178,61,45,3,19
01/29/1988,1907,2111,LAS,PDX,762,124,125,7,6
01/01/1988,1224,1353,HRL,DFW,461,89,85,-1,3
01/29/1988,1056,1152,MCO,FLL,178,56,45,1,12
01/01/1988,0940,1034,TLH,MCO,227,54,45,0,9
01/08/1988,0940,1035,TLH,MCO,227,55,45,0,10
01/22/1988,1903,2120,LAS,PDX,762,137,125,3,15
01/15/1988,0940,1036,TLH,MCO,227,56,45,0,11
01/15/1988,1900,2122,LAS,PDX,762,142,125,0,17
01/29/1988,1457,1816,DFW,CVG,812,139,126,19,32
01/22/1988,0943,1034,TLH,MCO,227,51,45,3,9
01/08/1988,1900,2129,LAS,PDX,762,149,125,0,24
01/29/1988,0942,1037,TLH,MCO,227,55,45,2,12
01/01/1988,1842,1936,EWR,SYR,194,54,60,-3,-9
01/08/1988,1922,2033,EWR,SYR,194,71,60,37,48
01/01/1988,1900,2111,LAS,PDX,762,131,125,0,6
01/15/1988,2025,2116,EWR,SYR,194,51,60,100,91
01/29/1988,1520,1703,PHX,PDX,1009,163,160,0,3
01/15/1988,1617,1703,ATL,ORD,606,106,109,12,9
