1988,1,15,5,1617,1605,1703,1654,EA,242,NA,106,109,NA,9,12,ATL,ORD,606,NA,NA,0,NA,0,NA,NA,NA,NA,NA
1988,1,29,5,1520,1520,1703,1700,HP,674,NA,163,160,NA,3,0,PHX,PDX,1009,NA,NA,0,NA,0,NA,NA,NA,NA,NA
1988,1,15,5,2025,1845,2116,1945,PI,776,NA,51,60,NA,91,100,EWR,SYR,194,NA,NA,0,NA,0,NA,NA,NA,NA,NA
1988,1,1,5,1900,1900,2111,2105,HP,675,NA,131,125,NA,6,0,LAS,PDX,762,NA,NA,0,NA,0,NA,NA,NA,NA,NA
1988,1,8,5,1922,1845,2033,1945,PI,776,NA,71,60,NA,48,37,EWR,SYR,194,NA,NA,0,NA,0,NA,NA,NA,NA,NA
1988,1,1,5,1842,1845,1936,1945,PI,776,NA,54,60,NA,-9,-3,EWR,SYR,194,NA,NA,0,NA,0,NA,NA,NA,NA,NA
1988,1,29,5,942,940,1037,1025,PI,775,NA,55,45,NA,12,2,TLH,MCO,227,NA,NA,0,NA,0,NA,NA,NA,NA,NA
1988,1,8,5,1900,1900,2129,2105,HP,675,NA,149,125,NA,24,0,LAS,PDX,762,NA,NA,0,NA,0,NA,NA,NA,NA,NA
1988,1,22,5,943,940,1034,1025,PI,775,NA,51,45,NA,9,3,TLH,MCO,227,NA,NA,0,NA,0,NA,NA,NA,NA,NA
1988,1,29,5,1457,1438,1816,1744,AA,680,NA,139,126,NA,32,19,DFW,CVG,812,NA,NA,0,NA,0,NA,NA,NA,NA,NA
1988,1,15,5,1900,1900,2122,2105,HP,675,NA,142,125,NA,17,0,LAS,PDX,762,NA,NA,0,NA,0,NA,NA,NA,NA,NA
1988,1,15,5,940,940,1036,1025,PI,775,NA,56,45,NA,11,0,TLH,MCO,227,NA,NA,0,NA,0,NA,NA,NA,NA,NA
1988,1,22,5,1903,1900,2120,2105,HP,675,NA,137,125,NA,15,3,LAS,PDX,762,NA,NA,0,NA,0,NA,NA,NA,NA,NA
1988,1,8,5,940,940,1035,1025,PI,775,NA,55,45,NA,10,0,TLH,MCO,227,NA,NA,0,NA,0,NA,NA,NA,NA,NA
1988,1,1,5,940,940,1034,1025,PI,775,NA,54,45,NA,9,0,TLH,MCO,227,NA,NA,0,NA,0,NA,NA,NA,NA,NA
1988,1,29,5,1056,1055,1152,1140,PI,775,NA,56,45,NA,12,1,MCO,FLL,178,NA,NA,0,NA,0,NA,NA,NA,NA,NA
1988,1,1,5,1224,1225,1353,1350,AA,680,NA,89,85,NA,3,-1,HRL,DFW,461,NA,NA,0,NA,0,NA,NA,NA,NA,NA
1988,1,29,5,1907,1900,2111,2105,HP,675,NA,124,125,NA,6,7,LAS,PDX,762,NA,NA,0,NA,0,NA,NA,NA,NA,NA
1988,1,22,5,1058,1055,1159,1140,PI,775,NA,61,45,NA,19,3,MCO,FLL,178,NA,NA,0,NA,0,NA,NA,NA,NA,NA
1988,1,1,5,1730,1730,1815,1820,HP,675,NA,45,50,NA,-5,0,ONT,LAS,197,NA,NA,0,NA,0,NA,NA,NA,NA,NA
1988,1,15,5,1103,1055,1212,1140,PI,775,NA,69,45,NA,32,8,MCO,FLL,178,NA,NA,0,NA,0,NA,NA,NA,NA,NA
1988,1,15,5,2211,2215,2311,2312,TW,345,NA,60,57,NA,-1,-4,STL,MCI,237,NA,NA,0,NA,0,NA,NA,NA,NA,NA
1988,1,4,1,2142,2148,2233,2247,UA,742,NA,51,59,NA,-14,-6,OKC,LIT,308,NA,NA,0,NA,0,NA,NA,NA,NA,NA
1988,1,4,1,1916,1610,2037,1727,CO,286,NA,81,77,NA,190,186,EWR,ROC,246,NA,NA,0,NA,0,NA,NA,NA,NA,NA
1988,1,4,1,740,740,822,823,PI,314,NA,42,43,NA,-1,0,AGS,CLT,140,NA,NA,0,NA,0,NA,NA,NA,NA,NA
1988,1,25,1,2154,2040,2245,2128,CO,285,NA,51,48,NA,77,74,CLE,DTW,95,NA,NA,0,NA,0,NA,NA,NA,NA,NA
1988,1,4,1,627,625,729,717,PS,1447,NA,62,52,NA,12,2,LAS,BUR,223,NA,NA,0,NA,0,NA,NA,NA,NA,NA
1988,1,18,1,2115,2040,2200,2128,CO,285,NA,45,48,NA,32,35,CLE,DTW,95,NA,NA,0,NA,0,NA,NA,NA,NA,NA
1988,1,18,1,1855,1855,2024,2018,AA,2173,NA,89,83,NA,6,0,SNA,SFO,372,NA,NA,0,NA,0,NA,NA,NA,NA,NA
1988,1,18,1,1644,1515,1812,1643,NW,596,NA,88,88,NA,89,89,STL,MSP,449,NA,NA,0,NA,0,NA,NA,NA,NA,NA
1987,12,20,7,735,736,844,854,UA,431,NA,129,138,NA,-10,-1,JAX,ORD,865,NA,NA,0,NA,0,NA,NA,NA,NA,NA
1987,12,27,7,1150,1150,1252,1240,WN,803,NA,62,50,NA,12,0,ABQ,ELP,223,NA,NA,0,NA,0,NA,NA,NA,NA,NA
1987,12,6,7,815,815,1049,1055,DL,494,NA,154,160,NA,-6,0,LGA,PBI,1035,NA,NA,0,NA,0,NA,NA,NA,NA,NA
1987,12,20,7,946,940,1130,1133,EA,81,NA,284,293,NA,-3,6,ATL,LAX,1946,NA,NA,0,NA,0,NA,NA,NA,NA,NA
1987,12,27,7,605,600,651,650,HP,1061,NA,46,50,NA,1,5,YUM,PHX,160,NA,NA,0,NA,0,NA,NA,NA,NA,NA
1987,12,13,7,815,815,1100,1055,DL,494,NA,165,160,NA,5,0,LGA,PBI,1035,NA,NA,0,NA,0,NA,NA,NA,NA,NA
1987,12,6,7,1910,1905,2003,1947,NW,1432,NA,53,42,NA,16,5,MSP,LSE,120,NA,NA,0,NA,0,NA,NA,NA,NA,NA
1987,12,27,7,744,736,858,854,UA,431,NA,134,138,NA,4,8,JAX,ORD,865,NA,NA,0,NA,0,NA,NA,NA,NA,NA
1987,12,20,7,838,815,1129,1056,DL,494,NA,171,161,NA,33,23,LGA,PBI,1035,NA,NA,0,NA,0,NA,NA,NA,NA,NA
1987,12,13,7,1905,1905,1957,1947,NW,1432,NA,52,42,NA,10,0,MSP,LSE,120,NA,NA,0,NA,0,NA,NA,NA,NA,NA
1987,12,13,7,1610,1535,1710,1625,AS,203,NA,60,50,NA,45,35,PDX,GEG,279,NA,NA,0,NA,0,NA,NA,NA,NA,NA
1987,12,23,3,1315,1315,1540,1513,CO,755,NA,145,118,NA,27,0,EWR,IND,644,NA,NA,0,NA,0,NA,NA,NA,NA,NA
1987,12,30,3,1400,1315,1622,1513,CO,755,NA,142,118,NA,69,45,EWR,IND,644,NA,NA,0,NA,0,NA,NA,NA,NA,NA
1987,12,2,3,1325,1325,1448,1450,CO,756,NA,83,85,NA,-2,0,EWR,PIT,319,NA,NA,0,NA,0,NA,NA,NA,NA,NA
1987,12,9,3,1325,1325,1456,1450,CO,756,NA,91,85,NA,6,0,EWR,PIT,319,NA,NA,0,NA,0,NA,NA,NA,NA,NA
1987,12,16,3,1320,1320,1450,1442,CO,756,NA,90,82,NA,8,0,EWR,PIT,319,NA,NA,0,NA,0,NA,NA,NA,NA,NA
1987,12,23,3,1320,1320,1445,1442,CO,756,NA,85,82,NA,3,0,EWR,PIT,319,NA,NA,0,NA,0,NA,NA,NA,NA,NA
1987,12,30,3,1520,1320,1640,1442,CO,756,NA,80,82,NA,118,120,EWR,PIT,319,NA,NA,0,NA,0,NA,NA,NA,NA,NA
1987,12,2,3,1130,1130,1242,1244,CO,756,NA,72,74,NA,-2,0,ORF,EWR,284,NA,NA,0,NA,0,NA,NA,NA,NA,NA
1987,12,16,3,1130,1130,1248,1245,CO,756,NA,78,75,NA,3,0,PWM,EWR,284,NA,NA,0,NA,0,NA,NA,NA,NA,NA
1987,12,23,3,1130,1130,1242,1245,CO,756,NA,72,75,NA,-3,0,PWM,EWR,284,NA,NA,0,NA,0,NA,NA,NA,NA,NA
1987,12,16,3,1225,1135,1327,1243,CO,757,NA,62,68,NA,44,50,BUF,EWR,282,NA,NA,0,NA,0,NA,NA,NA,NA,NA
1987,12,30,3,1250,1135,1356,1243,CO,757,NA,66,68,NA,73,75,BUF,EWR,282,NA,NA,0,NA,0,NA,NA,NA,NA,NA
1987,12,16,3,1402,1315,NA,1612,CO,757,NA,NA,177,NA,NA,47,EWR,PBI,1024,NA,NA,0,NA,1,NA,NA,NA,NA,NA
1987,12,23,3,1614,1315,1907,1612,CO,757,NA,173,177,NA,175,179,EWR,PBI,1024,NA,NA,0,NA,0,NA,NA,NA,NA,NA
1987,12,30,3,1438,1315,1715,1612,CO,757,NA,157,177,NA,63,83,EWR,PBI,1024,NA,NA,0,NA,0,NA,NA,NA,NA,NA
