1987,12,30,3,1438,1315,1715,1612,CO,757,NA,157,177,NA,63,83,EWR,PBI,1024,NA,NA,0,NA,0,NA,NA,NA,NA,NA
1987,12,23,3,1614,1315,1907,1612,CO,757,NA,173,177,NA,175,179,EWR,PBI,1024,NA,NA,0,NA,0,NA,NA,NA,NA,NA
1987,12,16,3,1402,1315,NA,1612,CO,757,NA,NA,177,NA,NA,47,EWR,PBI,1024,NA,NA,0,NA,1,NA,NA,NA,NA,NA
1987,12,30,3,1250,1135,1356,1243,CO,757,NA,66,68,NA,73,75,BUF,EWR,282,NA,NA,0,NA,0,NA,NA,NA,NA,NA
1987,12,16,3,1225,1135,1327,1243,CO,757,NA,62,68,NA,44,50,BUF,EWR,282,NA,NA,0,NA,0,NA,NA,NA,NA,NA
1987,12,23,3,1130,1130,1242,1245,CO,756,NA,72,75,NA,-3,0,PWM,EWR,284,NA,NA,0,NA,0,NA,NA,NA,NA,NA
1987,12,16,3,1130,1130,1248,1245,CO,756,NA,78,75,NA,3,0,PWM,EWR,284,NA,NA,0,NA,0,NA,NA,NA,NA,NA
1987,12,2,3,1130,1130,1242,1244,CO,756,NA,72,74,NA,-2,0,ORF,EWR,284,NA,NA,0,NA,0,NA,NA,NA,NA,NA
1987,12,30,3,1520,1320,1640,1442,CO,756,NA,80,82,NA,118,120,EWR,PIT,319,NA,NA,0,NA,0,NA,NA,NA,NA,NA
1987,12,23,3,1320,1320,1445,1442,CO,756,NA,85,82,NA,3,0,EWR,PIT,319,NA,NA,0,NA,0,NA,NA,NA,NA,NA
1987,12,16,3,1320,1320,1450,1442,CO,756,NA,90,82,NA,8,0,EWR,PIT,319,NA,NA,0,NA,0,NA,NA,NA,NA,NA
1987,12,9,3,1325,1325,1456,1450,CO,756,NA,91,85,NA,6,0,EWR,PIT,319,NA,NA,0,NA,0,NA,NA,NA,NA,NA
1987,12,2,3,1325,1325,1448,1450,CO,756,NA,83,85,NA,-2,0,EWR,PIT,319,NA,NA,0,NA,0,NA,NA,NA,NA,NA
1987,12,30,3,1400,1315,1622,1513,CO,755,NA,142,118,NA,69,45,EWR,IND,644,NA,NA,0,NA,0,NA,NA,NA,NA,NA
1987,12,23,3,1315,1315,1540,1513,CO,755,NA,145,118,NA,27,0,EWR,IND,644,NA,NA,0,NA,0,NA,NA,NA,NA,NA
1987,12,13,7,1610,1535,1710,1625,AS,203,NA,60,50,NA,45,35,PDX,GEG,279,NA,NA,0,NA,0,NA,NA,NA,NA,NA
1987,12,13,7,1905,1905,1957,1947,NW,1432,NA,52,42,NA,10,0,MSP,LSE,120,NA,NA,0,NA,0,NA,NA,NA,NA,NA
1987,12,20,7,838,815,1129,1056,DL,494,NA,171,161,NA,33,23,LGA,PBI,1035,NA,NA,0,NA,0,NA,NA,NA,NA,NA
1987,12,27,7,744,736,858,854,UA,431,NA,134,138,NA,4,8,JAX,ORD,865,NA,NA,0,NA,0,NA,NA,NA,NA,NA
1987,12,6,7,1910,1905,2003,1947,NW,1432,NA,53,42,NA,16,5,MSP,LSE,120,NA,NA,0,NA,0,NA,NA,NA,NA,NA
1987,12,13,7,815,815,1100,1055,DL,494,NA,165,160,NA,5,0,LGA,PBI,1035,NA,NA,0,NA,0,NA,NA,NA,NA,NA
1987,12,27,7,605,600,651,650,HP,1061,NA,46,50,NA,1,5,YUM,PHX,160,NA,NA,0,NA,0,NA,NA,NA,NA,NA
1987,12,20,7,946,940,1130,1133,EA,81,NA,284,293,NA,-3,6,ATL,LAX,1946,NA,NA,0,NA,0,NA,NA,NA,NA,NA
1987,12,6,7,815,815,1049,1055,DL,494,NA,154,160,NA,-6,0,LGA,PBI,1035,NA,NA,0,NA,0,NA,NA,NA,NA,NA
1987,12,27,7,1150,1150,1252,1240,WN,803,NA,62,50,NA,12,0,ABQ,ELP,223,NA,NA,0,NA,0,NA,NA,NA,NA,NA
1987,12,20,7,735,736,844,854,UA,431,NA,129,138,NA,-10,-1,JAX,ORD,865,NA,NA,0,NA,0,NA,NA,NA,NA,NA
