1988,1,18,1,1644,1515,1812,1643,NW,596,NA,88,88,NA,89,89,STL,MSP,449,NA,NA,0,NA,0,NA,NA,NA,NA,NA
1988,1,18,1,1855,1855,2024,2018,AA,2173,NA,89,83,NA,6,0,SNA,SFO,372,NA,NA,0,NA,0,NA,NA,NA,NA,NA
1988,1,18,1,2115,2040,2200,2128,CO,285,NA,45,48,NA,32,35,CLE,DTW,95,NA,NA,0,NA,0,NA,NA,NA,NA,NA
1988,1,4,1,627,625,729,717,PS,1447,NA,62,52,NA,12,2,LAS,BUR,223,NA,NA,0,NA,0,NA,NA,NA,NA,NA
1988,1,25,1,2154,2040,2245,2128,CO,285,NA,51,48,NA,77,74,CLE,DTW,95,NA,NA,0,NA,0,NA,NA,NA,NA,NA
1988,1,4,1,740,740,822,823,PI,314,NA,42,43,NA,-1,0,AGS,CLT,140,NA,NA,0,NA,0,NA,NA,NA,NA,NA
1988,1,4,1,1916,1610,2037,1727,CO,286,NA,81,77,NA,190,186,EWR,ROC,246,NA,NA,0,NA,0,NA,NA,NA,NA,NA
1988,1,4,1,2142,2148,2233,2247,UA,742,NA,51,59,NA,-14,-6,OKC,LIT,308,NA,NA,0,NA,0,NA,NA,NA,NA,NA
1988,1,15,5,2211,2215,2311,2312,TW,345,NA,60,57,NA,-1,-4,STL,MCI,237,NA,NA,0,NA,0,NA,NA,NA,NA,NA
1988,1,15,5,1103,1055,1212,1140,PI,775,NA,69,45,NA,32,8,MCO,FLL,178,NA,NA,0,NA,0,NA,NA,NA,NA,NA
1988,1,1,5,1730,1730,1815,1820,HP,675,NA,45,50,NA,-5,0,ONT,LAS,197,NA,NA,0,NA,0,NA,NA,NA,NA,NA
1988,1,22,5,1058,1055,1159,1140,PI,775,NA,61,45,NA,19,3,MCO,FLL,178,NA,NA,0,NA,0,NA,NA,NA,NA,NA
1988,1,29,5,1907,1900,2111,2105,HP,675,NA,124,125,NA,6,7,LAS,PDX,762,NA,NA,0,NA,0,NA,NA,NA,NA,NA
1988,1,1,5,1224,1225,1353,1350,AA,680,NA,89,85,NA,3,-1,HRL,DFW,461,NA,NA,0,NA,0,NA,NA,NA,NA,NA
1988,1,29,5,1056,1055,1152,1140,PI,775,NA,56,45,NA,12,1,MCO,FLL,178,NA,NA,0,NA,0,NA,NA,NA,NA,NA
1988,1,1,5,940,940,1034,1025,PI,775,NA,54,45,NA,9,0,TLH,MCO,227,NA,NA,0,NA,0,NA,NA,NA,NA,NA
1988,1,8,5,940,940,1035,1025,PI,775,NA,55,45,NA,10,0,TLH,MCO,227,NA,NA,0,NA,0,NA,NA,NA,NA,NA
1988,1,22,5,1903,1900,2120,2105,HP,675,NA,137,125,NA,15,3,LAS,PDX,762,NA,NA,0,NA,0,NA,NA,NA,NA,NA
1988,1,15,5,940,940,1036,1025,PI,775,NA,56,45,NA,11,0,TLH,MCO,227,NA,NA,0,NA,0,NA,NA,NA,NA,NA
1988,1,15,5,1900,1900,2122,2105,HP,675,NA,142,125,NA,17,0,LAS,PDX,762,NA,NA,0,NA,0,NA,NA,NA,NA,NA
1988,1,29,5,1457,1438,1816,1744,AA,680,NA,139,126,NA,32,19,DFW,CVG,812,NA,NA,0,NA,0,NA,NA,NA,NA,NA
1988,1,22,5,943,940,1034,1025,PI,775,NA,51,45,NA,9,3,TLH,MCO,227,NA,NA,0,NA,0,NA,NA,NA,NA,NA
1988,1,8,5,1900,1900,2129,2105,HP,675,NA,149,125,NA,24,0,LAS,PDX,762,NA,NA,0,NA,0,NA,NA,NA,NA,NA
1988,1,29,5,942,940,1037,1025,PI,775,NA,55,45,NA,12,2,TLH,MCO,227,NA,NA,0,NA,0,NA,NA,NA,NA,NA
1988,1,1,5,1842,1845,1936,1945,PI,776,NA,54,60,NA,-9,-3,EWR,SYR,194,NA,NA,0,NA,0,NA,NA,NA,NA,NA
1988,1,8,5,1922,1845,2033,1945,PI,776,NA,71,60,NA,48,37,EWR,SYR,194,NA,NA,0,NA,0,NA,NA,NA,NA,NA
1988,1,1,5,1900,1900,2111,2105,HP,675,NA,131,125,NA,6,0,LAS,PDX,762,NA,NA,0,NA,0,NA,NA,NA,NA,NA
1988,1,15,5,2025,1845,2116,1945,PI,776,NA,51,60,NA,91,100,EWR,SYR,194,NA,NA,0,NA,0,NA,NA,NA,NA,NA
1988,1,29,5,1520,1520,1703,1700,HP,674,NA,163,160,NA,3,0,PHX,PDX,1009,NA,NA,0,NA,0,NA,NA,NA,NA,NA
1988,1,15,5,1617,1605,1703,1654,EA,242,NA,106,109,NA,9,12,ATL,ORD,606,NA,NA,0,NA,0,NA,NA,NA,NA,NA