12,3,1987,30,63,63,83,EWR,PBI,CO
12,3,1987,23,175,175,179,EWR,PBI,CO
12,3,1987,16,0,0,47,EWR,PBI,CO
12,3,1987,30,73,73,75,BUF,EWR,CO
12,3,1987,16,44,44,50,BUF,EWR,CO
12,3,1987,23,-3,-3,0,PWM,EWR,CO
12,3,1987,16,3,3,0,PWM,EWR,CO
12,3,1987,2,-2,-2,0,ORF,EWR,CO
12,3,1987,30,118,118,120,EWR,PIT,CO
12,3,1987,23,3,3,0,EWR,PIT,CO
12,3,1987,16,8,8,0,EWR,PIT,CO
12,3,1987,9,6,6,0,EWR,PIT,CO
12,3,1987,2,-2,-2,0,EWR,PIT,CO
12,3,1987,30,69,69,45,EWR,IND,CO
12,3,1987,23,27,27,0,EWR,IND,CO
12,7,1987,13,45,45,35,PDX,GEG,AS
12,7,1987,13,10,10,0,MSP,LSE,NW
12,7,1987,20,33,33,23,LGA,PBI,DL
12,7,1987,27,4,4,8,JAX,ORD,UA
12,7,1987,6,16,16,5,MSP,LSE,NW
12,7,1987,13,5,5,0,LGA,PBI,DL
12,7,1987,27,1,1,5,YUM,PHX,HP
12,7,1987,20,-3,-3,6,ATL,LAX,EA
12,7,1987,6,-6,-6,0,LGA,PBI,DL
12,7,1987,27,12,12,0,ABQ,ELP,WN
12,7,1987,20,-10,-10,-1,JAX,ORD,UA
