1,1,1988,18,89,89,89,STL,MSP,NW
1,1,1988,18,6,6,0,SNA,SFO,AA
1,1,1988,18,32,32,35,CLE,DTW,CO
1,1,1988,4,12,12,2,LAS,BUR,PS
1,1,1988,25,77,77,74,CLE,DTW,CO
1,1,1988,4,-1,-1,0,AGS,CLT,PI
1,1,1988,4,190,190,186,EWR,ROC,CO
1,1,1988,4,-14,-14,-6,OKC,LIT,UA
1,5,1988,15,-1,-1,-4,STL,MCI,TW
1,5,1988,15,32,32,8,MCO,FLL,PI
1,5,1988,1,-5,-5,0,ONT,LAS,HP
1,5,1988,22,19,19,3,MCO,FLL,PI
1,5,1988,29,6,6,7,LAS,PDX,HP
1,5,1988,1,3,3,-1,HRL,DFW,AA
1,5,1988,29,12,12,1,MCO,FLL,PI
1,5,1988,1,9,9,0,TLH,MCO,PI
1,5,1988,8,10,10,0,TLH,MCO,PI
1,5,1988,22,15,15,3,LAS,PDX,HP
1,5,1988,15,11,11,0,TLH,MCO,PI
1,5,1988,15,17,17,0,LAS,PDX,HP
1,5,1988,29,32,32,19,DFW,CVG,AA
1,5,1988,22,9,9,3,TLH,MCO,PI
1,5,1988,8,24,24,0,LAS,PDX,HP
1,5,1988,29,12,12,2,TLH,MCO,PI
1,5,1988,1,-9,-9,-3,EWR,SYR,PI
1,5,1988,8,48,48,37,EWR,SYR,PI
1,5,1988,1,6,6,0,LAS,PDX,HP
1,5,1988,15,91,91,100,EWR,SYR,PI
1,5,1988,29,3,3,0,PHX,PDX,HP
1,5,1988,15,9,9,12,ATL,ORD,EA
