1988,1,18,1,89,89,STL,MSP
1988,1,18,1,6,0,SNA,SFO
1988,1,18,1,32,35,CLE,DTW
1988,1,4,1,12,2,LAS,BUR
1988,1,25,1,77,74,CLE,DTW
1988,1,4,1,-1,0,AGS,CLT
1988,1,4,1,190,186,EWR,ROC
1988,1,4,1,-14,-6,OKC,LIT
1988,1,15,5,-1,-4,STL,MCI
1988,1,15,5,32,8,MCO,FLL
1988,1,1,5,-5,0,ONT,LAS
1988,1,22,5,19,3,MCO,FLL
1988,1,29,5,6,7,LAS,PDX
1988,1,1,5,3,-1,HRL,DFW
1988,1,29,5,12,1,MCO,FLL
1988,1,1,5,9,0,TLH,MCO
1988,1,8,5,10,0,TLH,MCO
1988,1,22,5,15,3,LAS,PDX
1988,1,15,5,11,0,TLH,MCO
1988,1,15,5,17,0,LAS,PDX
1988,1,29,5,32,19,DFW,CVG
1988,1,22,5,9,3,TLH,MCO
1988,1,8,5,24,0,LAS,PDX
1988,1,29,5,12,2,TLH,MCO
1988,1,1,5,-9,-3,EWR,SYR
1988,1,8,5,48,37,EWR,SYR
1988,1,1,5,6,0,LAS,PDX
1988,1,15,5,91,100,EWR,SYR
1988,1,29,5,3,0,PHX,PDX
1988,1,15,5,9,12,ATL,ORD
