1987,12,30,3,63,83,EWR,PBI
1987,12,23,3,175,179,EWR,PBI
1987,12,16,3,0,47,EWR,PBI
1987,12,30,3,73,75,BUF,EWR
1987,12,16,3,44,50,BUF,EWR
1987,12,23,3,-3,0,PWM,EWR
1987,12,16,3,3,0,PWM,EWR
1987,12,2,3,-2,0,ORF,EWR
1987,12,30,3,118,120,EWR,PIT
1987,12,23,3,3,0,EWR,PIT
1987,12,16,3,8,0,EWR,PIT
1987,12,9,3,6,0,EWR,PIT
1987,12,2,3,-2,0,EWR,PIT
1987,12,30,3,69,45,EWR,IND
1987,12,23,3,27,0,EWR,IND
1987,12,13,7,45,35,PDX,GEG
1987,12,13,7,10,0,MSP,LSE
1987,12,20,7,33,23,LGA,PBI
1987,12,27,7,4,8,JAX,ORD
1987,12,6,7,16,5,MSP,LSE
1987,12,13,7,5,0,LGA,PBI
1987,12,27,7,1,5,YUM,PHX
1987,12,20,7,-3,6,ATL,LAX
1987,12,6,7,-6,0,LGA,PBI
1987,12,27,7,12,0,ABQ,ELP
1987,12,20,7,-10,-1,JAX,ORD
